[redshift]
temp-day=4000
temp-night=3600
gamma=0.9
brightness=0.6
adjustment-method=randr
location-provider=manual
[manual]
lat=23.772113677140343
lon=90.40864299455157

